#! FIELDS psi2 fes4 dfes4_psi2
#! SET normalisation    1.0000000000000000e+00
#! SET min_psi2 -pi
#! SET max_psi2 pi
#! SET nbins_psi2  99
#! SET periodic_psi2 true
  -3.1415926535897931e+00   6.4274962296495151e+00   8.8399795584557115e+00
  -3.0781261353354537e+00   7.0506513930516563e+00   1.0777280484127377e+01
  -3.0146596170811146e+00   7.7952901384570312e+00   1.2655165547617999e+01
  -2.9511930988267752e+00   8.6567009990672403e+00   1.4438388126552942e+01
  -2.8877265805724361e+00   9.6278516457038901e+00   1.6087010447160029e+01
  -2.8242600623180967e+00   1.0699197203531229e+01   1.7559110214634543e+01
  -2.7607935440637577e+00   1.1858665773932456e+01   1.8815275113825042e+01
  -2.6973270258094182e+00   1.3091880188463930e+01   1.9819812993016523e+01
  -2.6338605075550792e+00   1.4382222573635580e+01   2.0538092513181784e+01
  -2.5703939893007397e+00   1.5710554617945462e+01   2.0928875661821980e+01
  -2.5069274710464007e+00   1.7054574253801356e+01   2.0941419946403542e+01
  -2.4434609527920612e+00   1.8388188878490990e+01   2.0529070984364878e+01
  -2.3799944345377222e+00   1.9682497224037572e+01   1.9657359638608398e+01
  -2.3165279162833827e+00   2.0906696722166902e+01   1.8315926920929979e+01
  -2.2530613980290433e+00   2.2029880581840661e+01   1.6499933022110817e+01
  -2.1895948797747042e+00   2.3020706551980233e+01   1.4201451547391535e+01
  -2.1261283615203652e+00   2.3846524511333243e+01   1.1361917995006808e+01
  -2.0626618432660258e+00   2.4469547152862717e+01   7.8878720611268749e+00
  -1.9991953250116865e+00   2.4848844024108853e+01   3.8028472896469228e+00
  -1.9357288067573473e+00   2.4954653422935305e+01  -5.7034734572220636e-01
  -1.8722622885030080e+00   2.4784849174834385e+01  -4.7448995907726621e+00
  -1.8087957702486688e+00   2.4361439385539757e+01  -8.4925280385076203e+00
  -1.7453292519943295e+00   2.3708034962547519e+01  -1.1968136104347995e+01
  -1.6818627337399903e+00   2.2836342250661975e+01  -1.5313382771326863e+01
  -1.6183962154856508e+00   2.1758005235648525e+01  -1.8378940087724207e+01
  -1.5549296972313116e+00   2.0501299708038918e+01  -2.0855840406237792e+01
  -1.4914631789769723e+00   1.9111144239155411e+01  -2.2567999313638129e+01
  -1.4279966607226331e+00   1.7636905732707156e+01  -2.3537234415405781e+01
  -1.3645301424682938e+00   1.6122819456485022e+01  -2.3876730883873297e+01
  -1.3010636242139546e+00   1.4605249502081664e+01  -2.3704407009525152e+01
  -1.2375971059596154e+00   1.3113315819105971e+01  -2.3121578752095971e+01
  -1.1741305877052761e+00   1.1670120097024993e+01  -2.2215872721751488e+01
  -1.1106640694509369e+00   1.0293374740450474e+01  -2.1066712126574835e+01
  -1.0471975511965974e+00   8.9960790636861727e+00  -1.9742652630816284e+01
  -9.8373103294225839e-01   7.7873319089621438e+00  -1.8298726793463889e+01
  -9.2026451468791892e-01   6.6732186628409140e+00  -1.6776748651839998e+01
  -8.5679799643357990e-01   5.6575324916479026e+00  -1.5208828952519365e+01
  -7.9333147817924043e-01   4.7422648957383062e+00  -1.3621143369754956e+01
  -7.2986495992490141e-01   3.9278738900757642e+00  -1.2036796331952893e+01
  -6.6639844167056195e-01   3.2134344265979693e+00  -1.0476933063876292e+01
  -6.0293192341622293e-01   2.5967458103688394e+00  -8.9609361358219708e+00
  -5.3946540516188346e-01   2.0744390606148806e+00  -7.5065730410193030e+00
  -4.7599888690754444e-01   1.6420529228863925e+00  -6.1309174037569489e+00
  -4.1253236865320497e-01   1.2940273413095629e+00  -4.8518772271847643e+00
  -3.4906585039886595e-01   1.0236219896426102e+00  -3.6887494006919268e+00
  -2.8559933214452649e-01   8.2287544991372175e-01  -2.6601381841455245e+00
  -2.2213281389018746e-01   6.8280683784961960e-01  -1.7784881516794708e+00
  -1.5866629563584800e-01   5.9404276317173643e-01  -1.0424206571183707e+00
  -9.5199777381508532e-02   5.4792378485197712e-01  -4.3003941484256314e-01
  -3.1733259127169511e-02   5.3789571190505525e-01   1.0274666689499275e-01
   3.1733259127169955e-02   5.6075997370966757e-01   6.1586664948815939e-01
   9.5199777381508977e-02   6.1728010856557147e-01   1.1717089372386118e+00
   1.5866629563584844e-01   7.1185705000693211e-01   1.8203457526746802e+00
   2.2213281389018746e-01   8.5140157569348918e-01   2.5898543356112853e+00
   2.8559933214452693e-01   1.0438465967947312e+00   3.4847392174602594e+00
   3.4906585039886595e-01   1.2967752852012469e+00   4.4905047591943541e+00
   4.1253236865320542e-01   1.6164317399271277e+00   5.5804503351946240e+00
   4.7599888690754444e-01   2.0071446932167865e+00   6.7215168195714323e+00
   5.3946540516188390e-01   2.4710536129184795e+00   7.8778908587499830e+00
   6.0293192341622293e-01   3.0079988969610945e+00   9.0127747953280899e+00
   6.6639844167056239e-01   3.6154932000802460e+00   1.0089189504801849e+01
   7.2986495992490141e-01   4.2887345533685064e+00   1.1071013341502915e+01
   7.9333147817924088e-01   5.0206956568841745e+00   1.1923868714321340e+01
   8.5679799643357990e-01   5.8022518587348806e+00   1.2615934754400191e+01
   9.2026451468791937e-01   6.6223270820178328e+00   1.3117593940047337e+01
   9.8373103294225839e-01   7.4680045188022426e+00   1.3401404662826502e+01
   1.0471975511965983e+00   8.3246968329694333e+00   1.3443666602458633e+01
   1.1106640694509373e+00   9.1764218917890990e+00   1.3226693501320717e+01
   1.1741305877052763e+00   1.0006101768199798e+01   1.2733787654003885e+01
   1.2375971059596154e+00   1.0795291603151009e+01   1.1939108765510543e+01
   1.3010636242139553e+00   1.1523430128891624e+01   1.0804692105750602e+01
   1.3645301424682943e+00   1.2167623713125090e+01   9.2996676257566691e+00
   1.4279966607226333e+00   1.2704155355892675e+01   7.4330665676880718e+00
   1.4914631789769723e+00   1.3111674621291396e+01   5.2691605822931047e+00
   1.5549296972313122e+00   1.3374537579235271e+01   2.9185430138504396e+00
   1.6183962154856513e+00   1.3485247564462206e+01   5.2114945938456492e-01
   1.6818627337399903e+00   1.3445679839289669e+01  -1.7736451492228817e+00
   1.7453292519943293e+00   1.3266719437899615e+01  -3.8374343950090304e+00
   1.8087957702486692e+00   1.2965979973667718e+01  -5.5902280664414468e+00
   1.8722622885030082e+00   1.2564335186988913e+01  -7.0089627683513624e+00
   1.9357288067573473e+00   1.2082517457520183e+01  -8.1175282139982130e+00
   1.9991953250116872e+00   1.1538921849408666e+01  -8.9599447779449495e+00
   2.0626618432660262e+00   1.0949195194597641e+01  -9.5751714541198876e+00
   2.1261283615203652e+00   1.0327043408467636e+01  -9.9838077105400416e+00
   2.1895948797747042e+00   9.6854412823683926e+00  -1.0188988225919111e+01
   2.2530613980290441e+00   9.0375209270352013e+00  -1.0183590241181562e+01
   2.3165279162833832e+00   8.3969332790761513e+00  -9.9591111556854557e+00
   2.3799944345377222e+00   7.7777506021579983e+00  -9.5109524875043174e+00
   2.4434609527920612e+00   7.1941578498083336e+00  -8.8400132051757634e+00
   2.5069274710464011e+00   6.6601162151310414e+00  -7.9521930848564999e+00
   2.5703939893007401e+00   6.1890693840025044e+00  -6.8579256348884901e+00
   2.6338605075550792e+00   5.7936598317045718e+00  -5.5721875856434817e+00
   2.6973270258094182e+00   5.4854414970003731e+00  -4.1143054578335940e+00
   2.7607935440637581e+00   5.2746276474308411e+00  -2.5071005057860947e+00
   2.8242600623180971e+00   5.1699085744038511e+00  -7.7564957951841040e-01
   2.8877265805724361e+00   5.1783474450972884e+00   1.0539621818888720e+00
   2.9511930988267761e+00   5.3053493130865670e+00   2.9555786476903423e+00
   3.0146596170811151e+00   5.5546814712694186e+00   4.9036193492572071e+00
   3.0781261353354541e+00   5.9285209330517805e+00   6.8733246000038033e+00
